fowler v19
0.65182 0.09003
0.64372 0.09053
0.63561 0.09103
0.62750 0.09154
0.61940 0.09243
0.61128 0.09331
0.60317 0.09420
0.59505 0.09509
0.58694 0.09598
0.57882 0.09687
0.57072 0.09775
0.56262 0.09864
0.55449 0.09953
0.54639 0.10042
0.53828 0.10130
0.53015 0.10219
0.52205 0.10308
0.51393 0.10397
0.50561 0.10377
0.49775 0.10108
0.49131 0.09585
0.48725 0.08862
0.48594 0.08042
0.48594 0.04464
0.48594 0.04464
0.47988 0.04384
0.47382 0.04303
0.46776 0.04223
0.46225 0.04152
0.45674 0.04082
0.45127 0.04011
0.44581 0.03940
0.44034 0.03869
0.43487 0.03799
0.42944 0.03728
0.42402 0.03657
0.41859 0.03587
0.41317 0.03516
0.40779 0.03450
0.40240 0.03383
0.39706 0.03317
0.39172 0.03250
0.38638 0.03184
0.38104 0.03118
0.37574 0.03051
0.37045 0.02985
0.36519 0.02924
0.35993 0.02862
0.35468 0.02804
0.34942 0.02747
0.34425 0.02689
0.33908 0.02631
0.33395 0.02575
0.32882 0.02517
0.32370 0.02463
0.31856 0.02411
0.31352 0.02362
0.30848 0.02313
0.30348 0.02265
0.29848 0.02216
0.29352 0.02172
0.28856 0.02128
0.28364 0.02084
0.27872 0.02039
0.27385 0.02004
0.26898 0.01968
0.26419 0.01928
0.25940 0.01888
0.25461 0.01858
0.24982 0.01827
0.24516 0.01796
0.24049 0.01765
0.23583 0.01734
0.23117 0.01703
0.22659 0.01681
0.22201 0.01659
0.21752 0.01637
0.21303 0.01615
0.20858 0.01593
0.20413 0.01571
0.19972 0.01557
0.19531 0.01544
0.19099 0.01531
0.18666 0.01517
0.18243 0.01505
0.17819 0.01491
0.16979 0.01473
0.16166 0.01465
0.15352 0.01455
0.13792 0.01455
0.13029 0.01465
0.12292 0.01483
0.11571 0.01491
0.10867 0.01517
0.10181 0.01544
0.09511 0.01571
0.08867 0.01606
0.08240 0.01641
0.07638 0.01685
0.07053 0.01730
0.06485 0.01783
0.05943 0.01845
0.05425 0.01898
0.04925 0.01968
0.04451 0.02039
0.04001 0.02110
0.03569 0.02189
0.03162 0.02269
0.02780 0.02357
0.02416 0.02446
0.02086 0.02543
0.01772 0.02641
0.01484 0.02747
0.01221 0.02852
0.00983 0.02968
0.00763 0.03091
0.00576 0.03206
0.00415 0.03339
0.00272 0.03471
0.00161 0.03604
0.00076 0.03746
0.00025 0.03887
0.00000 0.04055
0.00000 0.04232
0.00017 0.04418
0.00051 0.04612
0.00102 0.04807
0.00178 0.05010
0.00272 0.05231
0.00381 0.05444
0.00509 0.05665
0.00653 0.05885
0.00822 0.06115
0.01000 0.06337
0.01204 0.06566
0.01424 0.06796
0.01653 0.07026
0.01907 0.07247
0.02179 0.07477
0.02467 0.07698
0.02772 0.07919
0.03094 0.08140
0.03433 0.08352
0.03798 0.08565
0.04171 0.08768
0.04569 0.08972
0.04976 0.09166
0.05408 0.09361
0.05858 0.09546
0.06324 0.09723
0.06807 0.09900
0.07316 0.10068
0.07841 0.10227
0.08375 0.10386
0.08935 0.10537
0.09511 0.10678
0.10113 0.10820
0.10724 0.10952
0.11359 0.11076
0.12004 0.11200
0.12673 0.11315
0.13351 0.11421
0.14055 0.11527
0.14767 0.11624
0.15496 0.11713
0.16242 0.11801
0.16997 0.11890
0.17776 0.11960
0.18565 0.12031
0.19362 0.12093
0.20175 0.12155
0.21006 0.12208
0.21845 0.12252
0.22269 0.12274
0.22693 0.12296
0.23125 0.12314
0.23558 0.12331
0.23994 0.12345
0.24431 0.12358
0.24872 0.12371
0.25312 0.12385
0.25757 0.12393
0.26203 0.12402
0.26656 0.12411
0.27109 0.12420
0.29865 0.12420
0.30331 0.12411
0.30797 0.12402
0.31267 0.12393
0.31738 0.12385
0.32213 0.12376
0.32687 0.12367
0.33166 0.12354
0.33645 0.12340
0.34124 0.12323
0.34603 0.12305
0.35086 0.12283
0.35570 0.12261
0.36057 0.12239
0.36544 0.12217
0.37032 0.12194
0.37519 0.12172
0.38011 0.12141
0.38503 0.12110
0.38994 0.12079
0.39486 0.12048
0.39978 0.12018
0.40469 0.11987
0.40961 0.11951
0.41453 0.11916
0.41948 0.11881
0.42444 0.11845
0.42940 0.11805
0.43436 0.11766
0.43928 0.11721
0.44419 0.11677
0.44915 0.11638
0.45411 0.11598
0.46403 0.11500
0.46895 0.11452
0.47387 0.11403
0.47882 0.11355
0.48378 0.11306
0.48870 0.11253
0.49362 0.11200
0.49849 0.11147
0.50336 0.11093
0.50824 0.11041
0.51311 0.10987
0.51799 0.10930
0.52286 0.10872
0.53261 0.10758
0.53740 0.10696
0.54219 0.10634
0.54698 0.10572
0.55177 0.10510
0.55652 0.10448
0.56126 0.10386
0.56951 0.10276
0.57776 0.10160
0.58601 0.10042
0.59425 0.09920
0.60249 0.09795
0.61071 0.09669
0.61895 0.09541
0.62718 0.09412
0.63540 0.09283
0.64364 0.09154
0.65187 0.09025

9999999 9999999

1.00000 -0.12355
0.99988 -0.12340
0.99956 -0.12308
0.99904 -0.12257
0.99835 -0.12180
0.99749 -0.12077
0.99641 -0.11963
0.99520 -0.11836
0.99380 -0.11689
0.99215 -0.11534
0.99039 -0.11363
0.98842 -0.11175
0.98630 -0.10980
0.98399 -0.10766
0.98144 -0.10543
0.97868 -0.10301
0.97577 -0.10054
0.97263 -0.09796
0.96936 -0.09523
0.96586 -0.09241
0.96212 -0.08948
0.95827 -0.08641
0.95422 -0.08336
0.94998 -0.08012
0.94553 -0.07671
0.94090 -0.07331
0.93614 -0.06976
0.93122 -0.06614
0.92608 -0.06243
0.92077 -0.05865
0.91534 -0.05473
0.90973 -0.05081
0.90388 -0.04680
0.89798 -0.04268
0.89185 -0.03845
0.88561 -0.03428
0.87917 -0.02992
0.87262 -0.02561
0.86602 -0.02119
0.85919 -0.01667
0.85224 -0.01219
0.84518 -0.00757
0.83809 -0.00336
0.83096 0.00081
0.82381 0.00492
0.81663 0.00897
0.80939 0.01296
0.80211 0.01685
0.79478 0.02066
0.78740 0.02435
0.77996 0.02793
0.77246 0.03140
0.76492 0.03474
0.75732 0.03799
0.74969 0.04114
0.74204 0.04420
0.73435 0.04721
0.72684 0.05004
0.71929 0.05276
0.71169 0.05533
0.70403 0.05773
0.69631 0.05992
0.68852 0.06185
0.68067 0.06345
0.67273 0.06461
0.66473 0.06514
0.65672 0.06474
0.64894 0.06285
0.64218 0.05862
0.63792 0.05191
0.63730 0.04454
0.64034 0.03776
0.64548 0.03234
0.65158 0.02802
0.65816 0.02444
0.66501 0.02141
0.67204 0.01880
0.67916 0.01652
0.68716 0.01417
0.69520 0.01190
0.70325 0.00976
0.71130 0.00754
0.71932 0.00522
0.72733 0.00286
0.73532 0.00048
0.74331 -0.00192
0.75131 -0.00434
0.75930 -0.00676
0.76727 -0.00918
0.77254 -0.01079
0.77779 -0.01239
0.78294 -0.01404
0.78809 -0.01569
0.79322 -0.01737
0.79835 -0.01907
0.80340 -0.02072
0.80846 -0.02237
0.81349 -0.02408
0.81852 -0.02577
0.82349 -0.02754
0.82845 -0.02930
0.83331 -0.03106
0.83818 -0.03284
0.84294 -0.03462
0.84772 -0.03640
0.85241 -0.03824
0.85711 -0.04008
0.86171 -0.04192
0.86632 -0.04378
0.87077 -0.04566
0.87522 -0.04754
0.87959 -0.04939
0.88396 -0.05124
0.88821 -0.05318
0.89245 -0.05512
0.89656 -0.05705
0.90066 -0.05897
0.90464 -0.06090
0.90861 -0.06281
0.91244 -0.06477
0.91625 -0.06672
0.92355 -0.07058
0.93054 -0.07449
0.93723 -0.07829
0.94353 -0.08210
0.94952 -0.08578
0.95509 -0.08938
0.96030 -0.09294
0.96521 -0.09635
0.96972 -0.09961
0.97392 -0.10273
0.97765 -0.10565
0.98119 -0.10840
0.98426 -0.11094
0.98704 -0.11327
0.98956 -0.11539
0.99175 -0.11718
0.99369 -0.11887
0.99530 -0.12031
0.99664 -0.12146
0.99769 -0.12248
0.99860 -0.12315
0.99920 -0.12369
0.99960 -0.12406
0.99972 -0.12420