AG40d -02f
    1.000000      0.4814379E-03
   0.9940540      0.1172633E-02
   0.9821650      0.2752605E-02
   0.9687070      0.4561299E-02
   0.9550280      0.6322112E-02
   0.9413030      0.8078735E-02
   0.9275960      0.9842481E-02
   0.9138820      0.1162831E-01
   0.9001530      0.1344294E-01
   0.8864240      0.1524070E-01
   0.8726890      0.1703249E-01
   0.8589780      0.1880471E-01
   0.8452560      0.2055800E-01
   0.8315580      0.2229080E-01
   0.8178620      0.2400416E-01
   0.8041860      0.2569318E-01
   0.7905130      0.2735470E-01
   0.7768500      0.2898660E-01
   0.7631950      0.3065403E-01
   0.7580060      0.3135543E-01
   0.7552350      0.3172763E-01
   0.7516720      0.3220351E-01
   0.7473150      0.3278190E-01
   0.7367220      0.3417086E-01
   0.7230130      0.3592974E-01
   0.7126600      0.3723067E-01
   0.6954540      0.3961668E-01
   0.6815880      0.4156353E-01
   0.6676860      0.4346928E-01
   0.6564890      0.4496721E-01
   0.6509200      0.4570023E-01
   0.6397960      0.4713772E-01
   0.6258170      0.4889640E-01
   0.6139840      0.5034494E-01
   0.5978800      0.5225797E-01
   0.5839440      0.5385561E-01
   0.5700120      0.5540155E-01
   0.5589420      0.5659252E-01
   0.5499850      0.5753164E-01
   0.5419590      0.5835460E-01
   0.5280430      0.5973890E-01
   0.5141280      0.6106824E-01
   0.5001790      0.6234466E-01
   0.4862000      0.6356873E-01
   0.4722090      0.6473144E-01
   0.4582060      0.6583609E-01
   0.4441780      0.6688195E-01
   0.4301260      0.6786354E-01
   0.4160490      0.6877962E-01
   0.4019610      0.6962791E-01
   0.3878960      0.7040152E-01
   0.3738690      0.7109692E-01
   0.3598780      0.7170896E-01
   0.3459190      0.7223861E-01
   0.3319970      0.7267627E-01
   0.3181090      0.7301687E-01
   0.3042520      0.7325489E-01
   0.2904300      0.7338588E-01
   0.2766251      0.7340156E-01
   0.2628281      0.7329176E-01
   0.2490511      0.7304744E-01
   0.2352941      0.7265601E-01
   0.2215511      0.7210816E-01
   0.2078371      0.7138770E-01
   0.1941551      0.7047233E-01
   0.1805011      0.6934233E-01
   0.1669001      0.6797500E-01
   0.1533451      0.6633771E-01
   0.1398581      0.6441397E-01
   0.1264541      0.6217586E-01
   0.1131411      0.5959665E-01
   0.9996207E-01  0.5663816E-01
   0.8693607E-01  0.5326916E-01
   0.7411907E-01  0.4944317E-01
   0.6154907E-01  0.4511255E-01
   0.4934606E-01  0.4024768E-01
   0.3769406E-01  0.3482763E-01
   0.2697105E-01  0.2891967E-01
   0.1786904E-01  0.2286555E-01
   0.1109603E-01  0.1733212E-01
   0.6584027E-02  0.1277983E-01
   0.3679020E-02  0.9123552E-02
   0.1804014E-02  0.6093425E-02
   0.6520086E-03  0.3531991E-02
   0.9100355E-04  0.1332360E-02
   0.1299866E-04 -0.4782274E-03
   0.2839941E-03 -0.2063659E-02
   0.1125989E-02 -0.3558273E-02
   0.2625983E-02 -0.5045847E-02
   0.4893977E-02 -0.6546522E-02
   0.8267970E-02 -0.8171358E-02
   0.1324996E-01 -0.9913587E-02
   0.2014295E-01 -0.1161015E-01
   0.2897395E-01 -0.1310098E-01
   0.3969494E-01 -0.1429087E-01
   0.5162693E-01 -0.1509457E-01
   0.6418993E-01 -0.1554045E-01
   0.7723193E-01 -0.1573703E-01
   0.9086993E-01 -0.1577270E-01
   0.1050619     -0.1569245E-01
   0.1196009     -0.1553256E-01
   0.1342339     -0.1532715E-01
   0.1488499     -0.1510532E-01
   0.1634279     -0.1487602E-01
   0.1779679     -0.1466499E-01
   0.1924439     -0.1447281E-01
   0.2068569     -0.1429414E-01
   0.2210899     -0.1412858E-01
   0.2352869     -0.1397281E-01
   0.2494359     -0.1382706E-01
   0.2635699     -0.1368534E-01
   0.2776889     -0.1354069E-01
   0.2918159     -0.1339536E-01
   0.3059519     -0.1324054E-01
   0.3201070     -0.1307328E-01
   0.3342900     -0.1289711E-01
   0.3485000     -0.1270655E-01
   0.3627300     -0.1250712E-01
   0.3770030     -0.1229587E-01
   0.3913040     -0.1207258E-01
   0.4055920     -0.1184129E-01
   0.4198960     -0.1160261E-01
   0.4341810     -0.1135473E-01
   0.4484420     -0.1110120E-01
   0.4626840     -0.1084085E-01
   0.4769070     -0.1057510E-01
   0.4910950     -0.1030386E-01
   0.5052620     -0.1002817E-01
   0.5194220     -0.9745985E-02
   0.5335740     -0.9460642E-02
   0.5477150     -0.9172329E-02
   0.5553570     -0.9017094E-02
   0.5650550     -0.8820427E-02
   0.5754580     -0.8608333E-02
   0.5890060     -0.8330487E-02
   0.6025530     -0.8055789E-02
   0.6089530     -0.7927421E-02
   0.6162330     -0.7782756E-02
   0.6298880     -0.7511520E-02
   0.6435260     -0.7245868E-02
   0.6533330     -0.7059519E-02
   0.6623650     -0.6891156E-02
   0.6707650     -0.6736318E-02
   0.6844000     -0.6479579E-02
   0.6980200     -0.6227505E-02
   0.7129990     -0.5838385E-02
   0.7248570     -0.5349682E-02
   0.7381890     -0.4794954E-02
   0.7438820     -0.4560019E-02
   0.7479500     -0.4392658E-02
   0.7535020     -0.4163975E-02
   0.7581250     -0.3972085E-02
   0.7650540     -0.3686846E-02
   0.7785060     -0.3359642E-02
   0.7919270     -0.3074126E-02
   0.8053360     -0.2793547E-02
   0.8188950     -0.2519116E-02
   0.8324530     -0.2256062E-02
   0.8460060     -0.2003089E-02
   0.8595830     -0.1766989E-02
   0.8731530     -0.1555748E-02
   0.8867120     -0.1361927E-02
   0.9003080     -0.1180482E-02
   0.9139180     -0.1017344E-02
   0.9275520     -0.8521904E-03
   0.9412050     -0.7296116E-03
   0.9549070     -0.6267119E-03
   0.9686120     -0.5564926E-03
   0.9821010     -0.5310425E-03
   0.9940420     -0.5022532E-03
    1.000000     -0.4816851E-03
