JF1
 0.9998176    -0.0002376
 0.9996367    -0.0002101
 0.9991037    -0.0001291
 0.9982325     0.0000030
 0.9970297     0.0001848
 0.9955003     0.0004153
 0.9936487     0.0006938
 0.9914793     0.0010196
 0.9889963     0.0013915
 0.9862035     0.0018087
 0.9831046     0.0022703
 0.9797040     0.0027753
 0.9760054     0.0033227
 0.9720130     0.0039114
 0.9677310     0.0045402
 0.9631635     0.0052079
 0.9583150     0.0059132
 0.9531900     0.0066549
 0.9477931     0.0074312
 0.9421288     0.0082406
 0.9362018     0.0090814
 0.9300173     0.0099517
 0.9235803     0.0108486
 0.9168942     0.0117681
 0.9099604     0.0127084
 0.9027807     0.0136704
 0.8953603     0.0146562
 0.8877063     0.0156661
 0.8798251     0.0166985
 0.8717223     0.0177521
 0.8634037     0.0188261
 0.8548763     0.0199196
 0.8461467     0.0210305
 0.8372208     0.0221569
 0.8281048     0.0232975
 0.8188056     0.0244507
 0.8093299     0.0256140
 0.7996838     0.0267854
 0.7898735     0.0279631
 0.7799059     0.0291453
 0.7697876     0.0303295
 0.7595247     0.0315134
 0.7491233     0.0326953
 0.7385904     0.0338734
 0.7279328     0.0350453
 0.7171563     0.0362086
 0.7062674     0.0373616
 0.6952729     0.0385027
 0.6841795     0.0396293
 0.6729934     0.0407391
 0.6617208     0.0418304
 0.6503684     0.0429013
 0.6389425     0.0439492
 0.6274487     0.0449719
 0.6158925     0.0459683
 0.6042805     0.0469371
 0.5926187     0.0478764
 0.5809126     0.0487848
 0.5691678     0.0496618
 0.5573911     0.0505067
 0.5455888     0.0513180
 0.5337658     0.0520943
 0.5219270     0.0528362
 0.5100787     0.0535453
 0.4982285     0.0542222
 0.4863841     0.0548671
 0.4745529     0.0554801
 0.4627432     0.0560612
 0.4509631     0.0566094
 0.4392199     0.0571234
 0.4275207     0.0576025
 0.4158732     0.0580464
 0.4042851     0.0584536
 0.3927635     0.0588227
 0.3813149     0.0591527
 0.3699468     0.0594430
 0.3586663     0.0596920
 0.3474801     0.0598980
 0.3363944     0.0600600
 0.3254159     0.0601771
 0.3145514     0.0602477
 0.3038070     0.0602697
 0.2931883     0.0602421
 0.2827012     0.0601635
 0.2723519     0.0600320
 0.2621452     0.0598453
 0.2520854     0.0596017
 0.2421767     0.0592997
 0.2324227     0.0589378
 0.2228261     0.0585151
 0.2133893     0.0580320
 0.2041160     0.0574898
 0.1950102     0.0568888
 0.1860754     0.0562294
 0.1773145     0.0555127
 0.1687314     0.0547402
 0.1603304     0.0539125
 0.1521147     0.0530303
 0.1440870     0.0520948
 0.1362512     0.0511079
 0.1286110     0.0500705
 0.1211695     0.0489834
 0.1139291     0.0478482
 0.1068933     0.0466669
 0.1000655     0.0454409
 0.0934485     0.0441708
 0.0870442     0.0428585
 0.0808556     0.0415064
 0.0748859     0.0401158
 0.0691373     0.0386874
 0.0636110     0.0372232
 0.0583096     0.0357256
 0.0532354     0.0341956
 0.0483893     0.0326339
 0.0437709     0.0310427
 0.0393809     0.0294255
 0.0352209     0.0277850
 0.0312909     0.0261233
 0.0275903     0.0244440
 0.0241200     0.0227521
 0.0208815     0.0210510
 0.0178752     0.0193434
 0.0150997     0.0176336
 0.0125556     0.0159279
 0.0102449     0.0142310
 0.0081680     0.0125460
 0.0063229     0.0108783
 0.0047096     0.0092366
 0.0033317     0.0076277
 0.0021902     0.0060552
 0.0012810     0.0045266
 0.0006021     0.0030588
 0.0001648     0.0016728
-0.0000081     0.0003801
 0.0001057    -0.0008218
 0.0005214    -0.0019429
 0.0012474    -0.0029950
 0.0022857    -0.0039908
 0.0036314    -0.0049396
 0.0052781    -0.0058434
 0.0072235    -0.0067005
 0.0094688    -0.0075116
 0.0120123    -0.0082801
 0.0148497    -0.0090067
 0.0179785    -0.0096894
 0.0213990    -0.0103274
 0.0251097    -0.0109224
 0.0291072    -0.0114747
 0.0333890    -0.0119822
 0.0379548    -0.0124443
 0.0428031    -0.0128618
 0.0479306    -0.0132348
 0.0533350    -0.0135618
 0.0590161    -0.0138419
 0.0649726    -0.0140767
 0.0712017    -0.0142672
 0.0777009    -0.0144132
 0.0844687    -0.0145154
 0.0915030    -0.0145762
 0.0987997    -0.0145974
 0.1063550    -0.0145796
 0.1141661    -0.0145238
 0.1222294    -0.0144325
 0.1305399    -0.0143077
 0.1390926    -0.0141503
 0.1478836    -0.0139612
 0.1569084    -0.0137429
 0.1661610    -0.0134973
 0.1756358    -0.0132251
 0.1853279    -0.0129274
 0.1952324    -0.0126065
 0.2053428    -0.0122645
 0.2156525    -0.0119026
 0.2261561    -0.0115221
 0.2368473    -0.0111254
 0.2477189    -0.0107146
 0.2587634    -0.0102908
 0.2699744    -0.0098551
 0.2813449    -0.0094097
 0.2928670    -0.0089564
 0.3045328    -0.0084959
 0.3163350    -0.0080292
 0.3282666    -0.0075581
 0.3403192    -0.0070842
 0.3524845    -0.0066081
 0.3647550    -0.0061306
 0.3771235    -0.0056532
 0.3895816    -0.0051775
 0.4021207    -0.0047044
 0.4147332    -0.0042346
 0.4274118    -0.0037694
 0.4401488    -0.0033114
 0.4529353    -0.0028633
 0.4657610    -0.0024278
 0.4786146    -0.0020057
 0.4914851    -0.0015960
 0.5043638    -0.0011965
 0.5172439    -0.0008062
 0.5301180    -0.0004262
 0.5429776    -0.0000573
 0.5558145     0.0003005
 0.5686213     0.0006470
 0.5813904     0.0009808
 0.5941134     0.0013005
 0.6067818     0.0016053
 0.6193877     0.0018947
 0.6319233     0.0021668
 0.6443796     0.0024200
 0.6567474     0.0026533
 0.6690180     0.0028659
 0.6811829     0.0030565
 0.6932322     0.0032237
 0.7051561     0.0033676
 0.7169454     0.0034883
 0.7285913     0.0035858
 0.7400844     0.0036604
 0.7514153     0.0037132
 0.7625761     0.0037457
 0.7735590     0.0037587
 0.7843561     0.0037527
 0.7949591     0.0037290
 0.8053609     0.0036893
 0.8155550     0.0036345
 0.8255341     0.0035648
 0.8352909     0.0034818
 0.8448188     0.0033871
 0.8541123     0.0032816
 0.8631650     0.0031656
 0.8719696     0.0030405
 0.8805206     0.0029090
 0.8888143     0.0027729
 0.8968473     0.0026313
 0.9046136     0.0024828
 0.9121057     0.0023275
 0.9193172     0.0021679
 0.9262438     0.0020066
 0.9328820     0.0018447
 0.9392277     0.0016828
 0.9452765     0.0015218
 0.9510247     0.0013630
 0.9564688     0.0012073
 0.9616054     0.0010555
 0.9664313     0.0009083
 0.9709430     0.0007665
 0.9751377     0.0006310
 0.9790126     0.0005028
 0.9825651     0.0003823
 0.9857924     0.0002706
 0.9886924     0.0001683
 0.9912627     0.0000764
 0.9935014    -0.0000047
 0.9954063    -0.0000746
 0.9969748    -0.0001326
 0.9982045    -0.0001781
 0.9990925    -0.0002108
 0.9996342    -0.0002308
 0.9998176    -0.0002376
