JF1_8pct
 0.9998176    -0.0002345
 0.9996367    -0.0002059
 0.9991037    -0.0001224
 0.9982325     0.0000202
 0.9970297     0.0002126
 0.9955003     0.0004563
 0.9936487     0.0007508
 0.9914794     0.0010945
 0.9889964     0.0014871
 0.9862035     0.0019273
 0.9831047     0.0024142
 0.9797040     0.0029467
 0.9760055     0.0035237
 0.9720131     0.0041440
 0.9677311     0.0048065
 0.9631637     0.0055100
 0.9583152     0.0062533
 0.9531903     0.0070352
 0.9477934     0.0078542
 0.9421291     0.0087087
 0.9362021     0.0095976
 0.9300176     0.0105193
 0.9235807     0.0114711
 0.9168946     0.0124494
 0.9099608     0.0134522
 0.9027812     0.0144807
 0.8953608     0.0155365
 0.8877068     0.0166175
 0.8798257     0.0177186
 0.8717229     0.0188367
 0.8634044     0.0199641
 0.8548770     0.0211042
 0.8461474     0.0222650
 0.8372216     0.0234444
 0.8281056     0.0246419
 0.8188064     0.0258571
 0.8093308     0.0270890
 0.7996848     0.0283366
 0.7898745     0.0295991
 0.7799069     0.0308747
 0.7697887     0.0321598
 0.7595258     0.0334471
 0.7491245     0.0347274
 0.7385916     0.0359938
 0.7279340     0.0372403
 0.7171577     0.0384560
 0.7062688     0.0396400
 0.6952743     0.0408312
 0.6841810     0.0420217
 0.6729949     0.0432103
 0.6617223     0.0443954
 0.6503700     0.0455733
 0.6389442     0.0467367
 0.6274504     0.0478741
 0.6158943     0.0489755
 0.6042823     0.0500352
 0.5926205     0.0510497
 0.5809145     0.0520171
 0.5691698     0.0529302
 0.5573931     0.0538182
 0.5455908     0.0546983
 0.5337679     0.0555594
 0.5219291     0.0563979
 0.5100808     0.0572107
 0.4982307     0.0579906
 0.4863863     0.0587299
 0.4745552     0.0594258
 0.4627455     0.0600775
 0.4509655     0.0606847
 0.4392223     0.0612470
 0.4275231     0.0617644
 0.4158756     0.0622459
 0.4042876     0.0627183
 0.3927660     0.0631649
 0.3813175     0.0635798
 0.3699493     0.0639556
 0.3586689     0.0642835
 0.3474827     0.0645593
 0.3363970     0.0647809
 0.3254185     0.0649480
 0.3145541     0.0650601
 0.3038097     0.0651165
 0.2931910     0.0651193
 0.2827039     0.0650854
 0.2723546     0.0650094
 0.2621480     0.0648783
 0.2520882     0.0646844
 0.2421795     0.0644225
 0.2324255     0.0640908
 0.2228288     0.0636894
 0.2133921     0.0632196
 0.2041187     0.0626839
 0.1950130     0.0620852
 0.1860781     0.0614394
 0.1773171     0.0607393
 0.1687341     0.0599642
 0.1603331     0.0591147
 0.1521173     0.0581944
 0.1440896     0.0572091
 0.1362537     0.0561642
 0.1286135     0.0550649
 0.1211720     0.0539160
 0.1139316     0.0527249
 0.1068957     0.0515145
 0.1000679     0.0502520
 0.0934508     0.0489084
 0.0870464     0.0474921
 0.0808578     0.0460085
 0.0748880     0.0444645
 0.0691393     0.0428680
 0.0636130     0.0412392
 0.0583115     0.0395901
 0.0532372     0.0379350
 0.0483911     0.0363087
 0.0437726     0.0346267
 0.0393826     0.0328791
 0.0352224     0.0310748
 0.0312924     0.0292174
 0.0275917     0.0273137
 0.0241213     0.0253779
 0.0208828     0.0234386
 0.0178763     0.0215349
 0.0151008     0.0197070
 0.0125565     0.0178822
 0.0102457     0.0160291
 0.0081688     0.0141601
 0.0063235     0.0122868
 0.0047102     0.0104248
 0.0033321     0.0085881
 0.0021906     0.0067882
 0.0012812     0.0050767
 0.0006023     0.0034404
 0.0001649     0.0018980
-0.0000081     0.0003980
 0.0001056    -0.0009365
 0.0005213    -0.0022885
 0.0012472    -0.0035174
 0.0022853    -0.0047278
 0.0036309    -0.0059158
 0.0052775    -0.0070531
 0.0072229    -0.0081240
 0.0094680    -0.0091165
 0.0120114    -0.0100306
 0.0148487    -0.0109068
 0.0179775    -0.0118169
 0.0213978    -0.0127189
 0.0251085    -0.0135482
 0.0291059    -0.0142943
 0.0333876    -0.0149515
 0.0379533    -0.0155299
 0.0428015    -0.0160698
 0.0479289    -0.0165945
 0.0533333    -0.0171098
 0.0590143    -0.0175975
 0.0649707    -0.0179961
 0.0711998    -0.0183083
 0.0776989    -0.0185396
 0.0844667    -0.0187154
 0.0915009    -0.0188534
 0.0987976    -0.0189604
 0.1063528    -0.0190288
 0.1141638    -0.0190742
 0.1222271    -0.0190700
 0.1305376    -0.0189972
 0.1390903    -0.0188665
 0.1478813    -0.0186928
 0.1569060    -0.0184850
 0.1661586    -0.0182451
 0.1756333    -0.0179726
 0.1853255    -0.0176651
 0.1952300    -0.0173406
 0.2053403    -0.0169880
 0.2156500    -0.0166014
 0.2261536    -0.0161871
 0.2368448    -0.0157501
 0.2477164    -0.0152932
 0.2587610    -0.0148175
 0.2699719    -0.0143246
 0.2813425    -0.0138166
 0.2928646    -0.0133011
 0.3045304    -0.0127796
 0.3163326    -0.0122537
 0.3282642    -0.0117264
 0.3403169    -0.0111968
 0.3524822    -0.0106621
 0.3647528    -0.0101217
 0.3771212    -0.0095766
 0.3895794    -0.0090273
 0.4021185    -0.0084740
 0.4147310    -0.0079173
 0.4274097    -0.0073702
 0.4401467    -0.0068247
 0.4529333    -0.0062995
 0.4657591    -0.0057962
 0.4786127    -0.0053126
 0.4914832    -0.0048432
 0.5043620    -0.0043815
 0.5172420    -0.0039244
 0.5301162    -0.0034709
 0.5429759    -0.0030202
 0.5558128    -0.0025714
 0.5686196    -0.0021311
 0.5813888    -0.0016925
 0.5941118    -0.0012702
 0.6067803    -0.0008751
 0.6193862    -0.0005070
 0.6319219    -0.0001655
 0.6443782     0.0001502
 0.6567460     0.0004426
 0.6690168     0.0007155
 0.6811816     0.0009714
 0.6932310     0.0012118
 0.7051550     0.0014381
 0.7169443     0.0016449
 0.7285903     0.0018460
 0.7400834     0.0020165
 0.7514144     0.0021546
 0.7625752     0.0022634
 0.7735581     0.0023448
 0.7843552     0.0024007
 0.7949583     0.0024335
 0.8053602     0.0024465
 0.8155543     0.0024421
 0.8255335     0.0024224
 0.8352902     0.0023912
 0.8448182     0.0023519
 0.8541118     0.0023058
 0.8631644     0.0022520
 0.8719691     0.0021950
 0.8805201     0.0021310
 0.8888139     0.0020572
 0.8968469     0.0019734
 0.9046132     0.0018783
 0.9121054     0.0017730
 0.9193169     0.0016605
 0.9262435     0.0015435
 0.9328817     0.0014233
 0.9392274     0.0013008
 0.9452763     0.0011770
 0.9510245     0.0010534
 0.9564686     0.0009312
 0.9616053     0.0008111
 0.9664312     0.0006938
 0.9709429     0.0005802
 0.9751376     0.0004713
 0.9790126     0.0003677
 0.9825650     0.0002701
 0.9857924     0.0001794
 0.9886923     0.0000962
 0.9912627     0.0000213
 0.9935014    -0.0000450
 0.9954063    -0.0001020
 0.9969748    -0.0001493
 0.9982045    -0.0001863
 0.9990925    -0.0002122
 0.9996342    -0.0002288
 0.9998176    -0.0002345
